wavelength,intensity
277.495,0.0
277.66315,3614.0
277.8313,3579.0
277.99945,3606.0
278.16757,3631.0
278.33575,3610.0
278.50388,3652.0
278.67206,3612.0
278.84018,3564.0
279.00833,3596.0
279.1765,3649.0
279.34464,3633.0
279.5128,3620.0
279.68094,3614.0
279.8491,3619.0
280.01724,3583.0
280.1854,3596.0
280.35352,3591.0
280.5217,3660.0
280.68982,3606.0
280.85797,3590.0
281.02612,3630.0
281.19427,3575.0
281.36243,3608.0
281.53055,3592.0
281.6987,3657.0
281.86685,3621.0
282.035,3601.0
282.20312,3586.0
282.37128,3618.0
282.53943,3557.0
282.70758,3608.0
282.8757,3569.0
283.04385,3627.0
283.212,3592.0
283.38013,3562.0
283.54828,3661.0
283.71643,3687.0
283.88455,3626.0
284.05267,3571.0
284.22083,3609.0
284.38898,3620.0
284.55713,3583.0
284.72525,3639.0
284.89337,3634.0
285.06152,3607.0
285.22964,3599.0
285.39777,3619.0
285.56592,3655.0
285.73404,3615.0
285.9022,3619.0
286.0703,3612.0
286.23843,3597.0
286.4066,3600.0
286.5747,3583.0
286.74283,3660.0
286.91095,3624.0
287.07907,3627.0
287.24722,3606.0
287.41534,3635.0
287.58344,3628.0
287.7516,3621.0
287.9197,3660.0
288.0878,3596.0
288.25595,3658.0
288.42404,3614.0
288.5922,3635.0
288.76028,3641.0
288.9284,3578.0
289.09653,3616.0
289.26465,3635.0
289.43274,3534.0
289.60086,3625.0
289.76895,3558.0
289.9371,3577.0
290.1052,3566.0
290.2733,3589.0
290.4414,3578.0
290.6095,3644.0
290.7776,3618.0
290.9457,3543.0
291.1138,3642.0
291.2819,3550.0
291.45,3616.0
291.6181,3599.0
291.78622,3603.0
291.9543,3625.0
292.12238,3644.0
292.2905,3590.0
292.4586,3569.0
292.62665,3650.0
292.79477,3641.0
292.96283,3588.0
293.13095,3628.0
293.299,3583.0
293.46707,3638.0
293.6352,3627.0
293.80325,3683.0
293.9713,3652.0
294.1394,3631.0
294.3075,3620.0
294.4756,3577.0
294.64365,3579.0
294.8117,3644.0
294.9798,3612.0
295.14783,3631.0
295.3159,3617.0
295.48398,3671.0
295.65204,3634.0
295.8201,3604.0
295.98816,3616.0
296.15622,3634.0
296.32428,3668.0
296.49234,3636.0
296.66037,3580.0
296.82843,3607.0
296.9965,3628.0
297.16452,3622.0
297.33258,3620.0
297.5006,3610.0
297.66867,3565.0
297.8367,3612.0
298.00473,3616.0
298.1728,3588.0
298.34082,3620.0
298.50885,3626.0
298.67688,3606.0
298.8449,3614.0
299.01294,3667.0
299.18097,3683.0
299.34897,3614.0
299.51703,3652.0
299.68503,3604.0
299.85303,3623.0
300.02106,3593.0
300.1891,3598.0
300.35712,3587.0
300.52512,3624.0
300.69308,3587.0
300.8611,3614.0
301.0291,3576.0
301.1971,3636.0
301.3651,3640.0
301.5331,3645.0
301.70114,3615.0
301.8691,3604.0
302.03708,3577.0
302.2051,3629.0
302.37308,3607.0
302.54105,3596.0
302.70905,3604.0
302.877,3670.0
303.04498,3637.0
303.21298,3568.0
303.38095,3631.0
303.54892,3591.0
303.7169,3623.0
303.88483,3602.0
304.05283,3586.0
304.22076,3609.0
304.38873,3599.0
304.5567,3638.0
304.72464,3623.0
304.8926,3626.0
305.06055,3635.0
305.2285,3629.0
305.39645,3636.0
305.56436,3653.0
305.7323,3598.0
305.90027,3648.0
306.06818,3595.0
306.23615,3578.0
306.40405,3601.0
306.57196,3594.0
306.7399,3634.0
306.9078,3610.0
307.0757,3584.0
307.24365,3607.0
307.41156,3617.0
307.5795,3576.0
307.7474,3628.0
307.91528,3590.0
308.08322,3619.0
308.2511,3610.0
308.41898,3579.0
308.58688,3589.0
308.75476,3606.0
308.92267,3622.0
309.09055,3558.0
309.25842,3625.0
309.42633,3653.0
309.5942,3627.0
309.76205,3609.0
309.92996,3665.0
310.0978,3608.0
310.26566,3638.0
310.43353,3602.0
310.6014,3623.0
310.7693,3636.0
310.9371,3606.0
311.10495,3604.0
311.27283,3636.0
311.44064,3619.0
311.6085,3634.0
311.77634,3543.0
311.94418,3585.0
312.11203,3565.0
312.27985,3666.0
312.44766,3603.0
312.6155,3654.0
312.78333,3649.0
312.9511,3684.0
313.11896,3665.0
313.28674,3658.0
313.4546,3665.0
313.62238,3641.0
313.79016,3604.0
313.95798,3671.0
314.12576,3650.0
314.29355,3643.0
314.46136,3643.0
314.62912,3643.0
314.7969,3620.0
314.9647,3700.0
315.13245,3731.0
315.30026,3719.0
315.46802,3729.0
315.63577,3716.0
315.80353,3751.0
315.97128,3716.0
316.13907,3725.0
316.3068,3722.0
316.47455,3713.0
316.6423,3725.0
316.81003,3696.0
316.97775,3724.0
317.1455,3687.0
317.31323,3635.0
317.48096,3666.0
317.64868,3646.0
317.8164,3616.0
317.9841,3624.0
318.15186,3638.0
318.31955,3633.0
318.48727,3616.0
318.65497,3599.0
318.82263,3629.0
318.99036,3637.0
319.15802,3585.0
319.32574,3600.0
319.4934,3605.0
319.66107,3633.0
319.82877,3627.0
319.99643,3644.0
320.1641,3575.0
320.3318,3606.0
320.49942,3638.0
320.66708,3610.0
320.83475,3587.0
321.00238,3650.0
321.17004,3598.0
321.33768,3646.0
321.5053,3634.0
321.67297,3649.0
321.84058,3619.0
322.0082,3636.0
322.17584,3625.0
322.34344,3606.0
322.51108,3599.0
322.67868,3650.0
322.84628,3587.0
323.0139,3615.0
323.1815,3662.0
323.34906,3614.0
323.51666,3628.0
323.68423,3596.0
323.8518,3621.0
324.0194,3616.0
324.18698,3580.0
324.35455,3595.0
324.52213,3614.0
324.68967,3588.0
324.85724,3642.0
325.02478,3600.0
325.19235,3631.0
325.3599,3620.0
325.5274,3662.0
325.69498,3573.0
325.8625,3666.0
326.03,3578.0
326.19754,3642.0
326.36505,3618.0
326.53256,3569.0
326.70007,3624.0
326.86758,3630.0
327.0351,3577.0
327.20258,3592.0
327.37006,3598.0
327.53757,3612.0
327.70505,3676.0
327.87256,3578.0
328.04,3654.0
328.20746,3578.0
328.37494,3609.0
328.5424,3609.0
328.70984,3622.0
328.87732,3619.0
329.04474,3656.0
329.2122,3567.0
329.37964,3602.0
329.54706,3606.0
329.71448,3648.0
329.88193,3614.0
330.04935,3631.0
330.21677,3595.0
330.38416,3661.0
330.55157,3665.0
330.719,3640.0
330.88638,3630.0
331.05377,3565.0
331.22116,3614.0
331.38852,3643.0
331.55594,3594.0
331.7233,3639.0
331.89066,3659.0
332.058,3664.0
332.22537,3644.0
332.3927,3653.0
332.5601,3629.0
332.72742,3625.0
332.89478,3602.0
333.0621,3710.0
333.2294,3590.0
333.39676,3634.0
333.56406,3688.0
333.73138,3622.0
333.89868,3600.0
334.06598,3644.0
334.2333,3587.0
334.4006,3673.0
334.56787,3668.0
334.73517,3652.0
334.90244,3611.0
335.0697,3702.0
335.237,3640.0
335.40424,3765.0
335.57153,3733.0
335.73877,3740.0
335.906,3679.0
336.07327,3751.0
336.24048,3740.0
336.4077,3734.0
336.57495,3735.0
336.74216,3666.0
336.9094,3701.0
337.0766,3709.0
337.2438,3715.0
337.411,3671.0
337.57822,3632.0
337.7454,3664.0
337.9126,3663.0
338.07977,3623.0
338.24692,3617.0
338.41412,3596.0
338.58127,3608.0
338.74844,3616.0
338.9156,3606.0
339.08273,3688.0
339.24988,3617.0
339.41702,3636.0
339.58417,3621.0
339.75128,3583.0
339.9184,3649.0
340.0855,3654.0
340.25262,3658.0
340.4197,3561.0
340.58682,3624.0
340.7539,3597.0
340.921,3636.0
341.0881,3625.0
341.25516,3609.0
341.42224,3649.0
341.5893,3626.0
341.75635,3686.0
341.92343,3592.0
342.09045,3649.0
342.25748,3602.0
342.42456,3587.0
342.59155,3634.0
342.7586,3694.0
342.92563,3630.0
343.09262,3670.0
343.25964,3615.0
343.42664,3645.0
343.59363,3664.0
343.76065,3652.0
343.9276,3589.0
344.09457,3616.0
344.26157,3594.0
344.42853,3605.0
344.59552,3606.0
344.76245,3591.0
344.92938,3662.0
345.09634,3642.0
345.26328,3624.0
345.43024,3607.0
345.59714,3613.0
345.76404,3665.0
345.931,3562.0
346.09787,3603.0
346.26477,3614.0
346.4317,3658.0
346.59857,3635.0
346.76544,3642.0
346.93234,3589.0
347.09918,3614.0
347.26608,3604.0
347.43292,3623.0
347.59976,3622.0
347.76663,3650.0
347.93347,3644.0
348.10028,3613.0
348.26715,3601.0
348.43396,3653.0
348.60077,3601.0
348.76758,3641.0
348.9344,3607.0
349.1012,3670.0
349.26797,3649.0
349.43475,3647.0
349.60153,3633.0
349.7683,3641.0
349.93506,3627.0
350.10184,3682.0
350.2686,3650.0
350.43533,3658.0
350.60208,3640.0
350.76883,3643.0
350.93555,3697.0
351.10223,3651.0
351.26898,3602.0
351.43567,3640.0
351.60236,3645.0
351.76907,3642.0
351.93576,3651.0
352.10245,3646.0
352.26913,3686.0
352.4358,3643.0
352.60245,3634.0
352.7691,3632.0
352.93576,3639.0
353.1024,3622.0
353.26904,3610.0
353.43567,3668.0
353.6023,3623.0
353.7689,3624.0
353.93552,3606.0
354.1021,3670.0
354.2687,3704.0
354.4353,3641.0
354.6019,3617.0
354.76846,3610.0
354.93503,3673.0
355.1016,3673.0
355.26813,3624.0
355.4347,3644.0
355.60123,3670.0
355.76776,3659.0
355.9343,3666.0
356.10083,3649.0
356.26733,3679.0
356.43384,3683.0
356.60037,3649.0
356.76685,3668.0
356.93332,3718.0
357.09982,3646.0
357.2663,3633.0
357.43274,3693.0
357.5992,3682.0
357.76566,3611.0
357.9321,3635.0
358.09854,3662.0
358.26498,3657.0
358.4314,3648.0
358.5978,3667.0
358.76422,3670.0
358.9306,3715.0
359.09702,3764.0
359.2634,3749.0
359.4298,3708.0
359.59616,3703.0
359.76254,3740.0
359.9289,3714.0
360.09525,3729.0
360.2616,3779.0
360.42795,3739.0
360.59427,3775.0
360.7606,3805.0
360.9269,3898.0
361.0932,3921.0
361.25952,3922.0
361.4258,4076.0
361.59207,4133.0
361.7584,4128.0
361.92465,4149.0
362.09094,4203.0
362.25717,4340.0
362.42346,4362.0
362.5897,4393.0
362.75592,4532.0
362.92215,4602.0
363.08838,4764.0
363.25458,4857.0
363.42078,4934.0
363.58698,5214.0
363.75317,5291.0
363.91937,5385.0
364.08554,5467.0
364.25168,5692.0
364.41788,5896.0
364.584,6306.0
364.75015,6803.0
364.9163,7379.0
365.08243,7656.0
365.24857,7816.0
365.41467,7905.0
365.5808,7977.0
365.7469,7991.0
365.91296,8027.0
366.07907,8018.0
366.24515,7956.0
366.4112,7890.0
366.57727,7809.0
366.74332,7569.0
366.90936,7475.0
367.0754,7208.0
367.24142,6901.0
367.40744,6623.0
367.5735,6145.0
367.73947,5412.0
367.9055,4885.0
368.07147,4622.0
368.2375,4315.0
368.40344,4296.0
368.5694,4147.0
368.73538,4096.0
368.90134,3988.0
369.06726,3836.0
369.23322,3793.0
369.39914,3799.0
369.56503,3826.0
369.731,3802.0
369.89688,3834.0
370.06274,3764.0
370.22867,3746.0
370.39453,3769.0
370.5604,3768.0
370.7263,3699.0
370.89212,3795.0
371.05798,3766.0
371.22382,3765.0
371.38968,3741.0
371.55548,3735.0
371.72128,3699.0
371.88712,3712.0
372.05292,3749.0
372.2187,3721.0
372.3845,3711.0
372.55026,3769.0
372.716,3773.0
372.8818,3791.0
373.04755,3662.0
373.21326,3649.0
373.37903,3739.0
373.54474,3693.0
373.71048,3703.0
373.87616,3737.0
374.0419,3727.0
374.20758,3692.0
374.37326,3681.0
374.53894,3627.0
374.7046,3680.0
374.87024,3652.0
375.03592,3761.0
375.20154,3707.0
375.3672,3755.0
375.5328,3687.0
375.69843,3755.0
375.864,3663.0
376.02963,3668.0
376.19522,3676.0
376.3608,3645.0
376.5264,3732.0
376.69196,3671.0
376.8575,3647.0
377.02307,3672.0
377.18863,3640.0
377.35416,3698.0
377.51965,3656.0
377.68518,3660.0
377.85068,3635.0
378.01617,3688.0
378.18167,3645.0
378.34714,3587.0
378.5126,3689.0
378.6781,3688.0
378.84354,3622.0
379.00897,3689.0
379.17444,3653.0
379.33984,3686.0
379.50528,3668.0
379.6707,3635.0
379.8361,3670.0
380.0015,3673.0
380.16687,3723.0
380.33224,3650.0
380.49762,3655.0
380.66296,3657.0
380.82834,3620.0
380.99365,3677.0
381.15897,3673.0
381.3243,3615.0
381.48962,3696.0
381.6549,3683.0
381.82022,3637.0
381.9855,3678.0
382.15076,3659.0
382.31607,3647.0
382.4813,3685.0
382.64658,3636.0
382.8118,3659.0
382.97705,3686.0
383.14227,3691.0
383.30746,3672.0
383.4727,3685.0
383.63788,3683.0
383.80307,3615.0
383.96826,3666.0
384.13342,3647.0
384.29855,3708.0
384.46375,3660.0
384.62888,3698.0
384.794,3685.0
384.95914,3658.0
385.12424,3648.0
385.28937,3692.0
385.45444,3660.0
385.61954,3663.0
385.7846,3642.0
385.94968,3704.0
386.11475,3648.0
386.2798,3680.0
386.44482,3695.0
386.60986,3694.0
386.77487,3700.0
386.93988,3635.0
387.10492,3634.0
387.2699,3674.0
387.43488,3682.0
387.59985,3731.0
387.7648,3685.0
387.92975,3677.0
388.09473,3699.0
388.25964,3660.0
388.4246,3692.0
388.5895,3715.0
388.75443,3677.0
388.9193,3686.0
389.0842,3686.0
389.2491,3659.0
389.41397,3685.0
389.57883,3727.0
389.74368,3701.0
389.9085,3712.0
390.07333,3674.0
390.2382,3726.0
390.40298,3732.0
390.56778,3736.0
390.7326,3685.0
390.89737,3691.0
391.06216,3679.0
391.22693,3709.0
391.3917,3691.0
391.55643,3664.0
391.72116,3698.0
391.8859,3683.0
392.0506,3725.0
392.2153,3699.0
392.38,3670.0
392.5447,3707.0
392.70935,3719.0
392.87405,3738.0
393.0387,3686.0
393.20334,3672.0
393.36798,3680.0
393.53262,3686.0
393.6972,3681.0
393.86185,3703.0
394.02643,3697.0
394.19104,3746.0
394.35562,3750.0
394.5202,3763.0
394.68475,3729.0
394.8493,3683.0
395.01385,3693.0
395.17838,3748.0
395.3429,3701.0
395.50742,3644.0
395.6719,3688.0
395.83636,3706.0
396.0009,3757.0
396.16534,3729.0
396.32977,3725.0
396.49426,3670.0
396.6587,3711.0
396.82312,3690.0
396.98755,3744.0
397.15198,3783.0
397.31635,3712.0
397.48074,3743.0
397.64514,3727.0
397.8095,3730.0
397.97385,3729.0
398.1382,3745.0
398.30255,3741.0
398.46686,3846.0
398.6312,3781.0
398.7955,3727.0
398.95978,3736.0
399.12408,3795.0
399.28836,3735.0
399.45264,3767.0
399.61688,3803.0
399.78113,3796.0
399.94537,3833.0
400.1096,3869.0
400.27383,3912.0
400.43802,3937.0
400.6022,4017.0
400.76642,4037.0
400.93057,4078.0
401.09473,4132.0
401.2589,4160.0
401.42303,4321.0
401.58716,4441.0
401.75128,4474.0
401.9154,4525.0
402.07947,4664.0
402.2436,4813.0
402.40765,5002.0
402.57175,5088.0
402.7358,5298.0
402.89987,5594.0
403.0639,5926.0
403.2279,6344.0
403.39194,7014.0
403.55594,7585.0
403.71994,7666.0
403.88394,7775.0
404.04788,7877.0
404.21185,7763.0
404.37582,7614.0
404.53976,7542.0
404.70367,7527.0
404.8676,7487.0
405.03152,7354.0
405.19543,7134.0
405.3593,7137.0
405.52322,6948.0
405.68707,6855.0
405.85092,6555.0
406.01477,6174.0
406.1786,5752.0
406.3424,5209.0
406.50626,4779.0
406.67004,4701.0
406.83383,4754.0
406.99762,4741.0
407.16138,4712.0
407.32513,4666.0
407.4889,4616.0
407.65262,4637.0
407.81635,4614.0
407.98007,4634.0
408.14377,4591.0
408.3075,4498.0
408.47116,4485.0
408.63486,4378.0
408.7985,4362.0
408.96216,4306.0
409.1258,4227.0
409.28943,4113.0
409.45303,3854.0
409.61667,3775.0
409.78024,3829.0
409.94382,3762.0
410.10742,3848.0
410.27097,3784.0
410.4345,3774.0
410.59805,3758.0
410.76157,3757.0
410.9251,3749.0
411.08862,3724.0
411.25214,3778.0
411.4156,3749.0
411.57907,3709.0
411.74255,3709.0
411.90598,3761.0
412.06943,3734.0
412.23288,3797.0
412.39627,3794.0
412.55966,3755.0
412.72308,3789.0
412.88644,3759.0
413.0498,3712.0
413.2132,3782.0
413.37653,3757.0
413.53986,3809.0
413.70322,3744.0
413.86652,3828.0
414.02985,3825.0
414.1931,3869.0
414.3564,3876.0
414.51968,3915.0
414.68295,3896.0
414.8462,3887.0
415.00943,3920.0
415.17264,3896.0
415.33588,3893.0
415.49908,3935.0
415.66226,3951.0
415.82544,3951.0
415.98862,3908.0
416.15176,3926.0
416.3149,3887.0
416.47806,3900.0
416.64117,3833.0
416.8043,3885.0
416.9674,3958.0
417.1305,3835.0
417.29355,3814.0
417.45663,3833.0
417.61966,3867.0
417.7827,3938.0
417.94574,3897.0
418.10876,3880.0
418.27176,3956.0
418.43478,3908.0
418.59775,3983.0
418.7607,3952.0
418.92368,3891.0
419.0866,3900.0
419.24954,3941.0
419.4125,4005.0
419.5754,3967.0
419.7383,3927.0
419.90118,3964.0
420.0641,3982.0
420.22696,3889.0
420.3898,3919.0
420.55264,3867.0
420.71548,3910.0
420.8783,3938.0
421.0411,3808.0
421.2039,3810.0
421.36667,3773.0
421.52945,3751.0
421.6922,3794.0
421.85495,3729.0
422.0177,3707.0
422.18045,3754.0
422.3431,3773.0
422.50583,3778.0
422.66855,3771.0
422.8312,3797.0
422.99387,3737.0
423.15652,3762.0
423.31918,3797.0
423.48178,3759.0
423.6444,3764.0
423.807,3732.0
423.9696,3748.0
424.1322,3760.0
424.29477,3796.0
424.4573,3823.0
424.61987,3799.0
424.78238,3838.0
424.94492,3780.0
425.10742,3849.0
425.26996,3844.0
425.4324,3845.0
425.59488,3809.0
425.75735,3839.0
425.9198,3859.0
426.0822,3852.0
426.24466,3858.0
426.40707,3828.0
426.56946,3881.0
426.73187,3881.0
426.89423,3889.0
427.05658,3799.0
427.21896,3847.0
427.3813,3877.0
427.54358,3842.0
427.70593,3842.0
427.86826,3842.0
428.0305,3892.0
428.19278,3874.0
428.35507,3844.0
428.51733,3841.0
428.67953,3810.0
428.8418,3876.0
429.004,3794.0
429.1662,3775.0
429.3284,3801.0
429.49057,3860.0
429.6527,3825.0
429.8149,3836.0
429.97702,3817.0
430.13916,3878.0
430.30127,3942.0
430.46338,3905.0
430.62546,3948.0
430.78757,3971.0
430.94965,4016.0
431.11166,4088.0
431.2737,4141.0
431.43576,4341.0
431.59778,4515.0
431.75977,4673.0
431.92178,4937.0
432.08374,5045.0
432.2457,5226.0
432.40768,5353.0
432.5696,5661.0
432.7315,5807.0
432.89346,6257.0
433.05536,6740.0
433.21722,7374.0
433.37912,8058.0
433.54102,8787.0
433.70282,9804.0
433.8647,11280.0
434.02652,13039.0
434.18832,15267.0
434.35013,15859.0
434.51193,15815.0
434.6737,15787.0
434.83545,15508.0
434.99722,15330.0
435.15897,15044.0
435.32068,14851.0
435.4824,14683.0
435.6441,14428.0
435.8058,14194.0
435.96747,13814.0
436.12912,13221.0
436.29077,12467.0
436.45242,11618.0
436.61404,10808.0
436.77563,9449.0
436.93726,7729.0
437.09885,5638.0
437.2604,4524.0
437.42197,4310.0
437.58353,4310.0
437.74506,4270.0
437.90656,4160.0
438.06808,4164.0
438.22955,4122.0
438.39105,4123.0
438.55252,4057.0
438.714,4009.0
438.8754,4034.0
439.03687,3992.0
439.1983,3935.0
439.35965,3990.0
439.52106,3944.0
439.68246,3901.0
439.8438,3878.0
440.00516,3893.0
440.1665,3773.0
440.32782,3815.0
440.48914,3862.0
440.65045,3861.0
440.81174,3799.0
440.973,3759.0
441.13428,3774.0
441.2955,3764.0
441.45673,3768.0
441.61798,3726.0
441.77917,3748.0
441.94034,3719.0
442.10156,3749.0
442.26276,3776.0
442.42386,3685.0
442.58502,3733.0
442.74615,3740.0
442.90726,3712.0
443.06836,3738.0
443.22946,3771.0
443.39053,3733.0
443.55157,3743.0
443.71265,3746.0
443.8737,3699.0
444.0347,3686.0
444.1957,3670.0
444.35672,3670.0
444.51767,3699.0
444.67865,3700.0
444.83963,3733.0
445.00055,3723.0
445.1615,3705.0
445.32242,3695.0
445.4833,3717.0
445.6442,3660.0
445.80508,3697.0
445.96594,3665.0
446.12677,3684.0
446.28763,3694.0
446.44846,3703.0
446.60925,3606.0
446.77008,3641.0
446.93085,3725.0
447.09158,3696.0
447.25238,3721.0
447.4131,3682.0
447.57382,3725.0
447.73456,3631.0
447.89526,3673.0
448.0559,3707.0
448.2166,3722.0
448.3773,3644.0
448.53793,3686.0
448.69855,3680.0
448.8592,3709.0
449.01978,3693.0
449.18036,3726.0
449.34097,3732.0
449.50153,3735.0
449.66205,3688.0
449.8226,3691.0
449.98312,3655.0
450.14362,3656.0
450.30414,3634.0
450.46466,3728.0
450.62506,3696.0
450.78555,3719.0
450.946,3687.0
451.1064,3744.0
451.26685,3688.0
451.42725,3698.0
451.58762,3727.0
451.748,3676.0
451.9084,3651.0
452.0687,3716.0
452.22903,3659.0
452.38937,3609.0
452.54965,3633.0
452.70993,3712.0
452.87024,3660.0
453.0305,3702.0
453.19073,3687.0
453.35098,3685.0
453.51123,3703.0
453.6714,3660.0
453.8316,3718.0
453.9918,3702.0
454.15195,3638.0
454.3121,3767.0
454.47226,3664.0
454.6324,3700.0
454.79248,3677.0
454.95258,3641.0
455.11267,3670.0
455.2727,3706.0
455.4328,3722.0
455.59283,3655.0
455.75284,3679.0
455.91287,3753.0
456.07288,3671.0
456.23285,3696.0
456.39282,3652.0
456.5528,3682.0
456.71274,3699.0
456.87265,3673.0
457.0326,3669.0
457.19247,3697.0
457.35236,3638.0
457.51224,3681.0
457.6721,3609.0
457.8319,3645.0
457.99176,3688.0
458.15158,3619.0
458.31137,3744.0
458.4712,3642.0
458.63098,3688.0
458.79068,3696.0
458.95047,3676.0
459.1102,3654.0
459.2699,3692.0
459.4296,3696.0
459.58932,3673.0
459.74896,3671.0
459.90863,3669.0
460.0683,3683.0
460.2279,3635.0
460.3875,3679.0
460.54715,3630.0
460.70673,3665.0
460.86627,3681.0
461.02588,3654.0
461.1854,3682.0
461.3449,3628.0
461.50446,3652.0
461.66397,3672.0
461.82343,3686.0
461.98294,3636.0
462.1424,3660.0
462.30185,3672.0
462.46127,3665.0
462.6207,3606.0
462.7801,3682.0
462.93948,3612.0
463.09888,3652.0
463.2582,3602.0
463.41754,3702.0
463.5769,3661.0
463.7362,3701.0
463.8955,3707.0
464.0548,3669.0
464.2141,3641.0
464.37332,3651.0
464.5326,3681.0
464.69183,3638.0
464.851,3687.0
465.01022,3662.0
465.16943,3650.0
465.32858,3625.0
465.48773,3658.0
465.6469,3638.0
465.80603,3660.0
465.96512,3646.0
466.12424,3620.0
466.28333,3590.0
466.44238,3673.0
466.60144,3626.0
466.7605,3660.0
466.9195,3632.0
467.07852,3678.0
467.23755,3629.0
467.39648,3647.0
467.55548,3660.0
467.71445,3622.0
467.87338,3685.0
468.0323,3659.0
468.19122,3629.0
468.3501,3644.0
468.50897,3662.0
468.66788,3661.0
468.82672,3647.0
468.98553,3662.0
469.14438,3633.0
469.30316,3626.0
469.46194,3639.0
469.62076,3666.0
469.77954,3700.0
469.93823,3651.0
470.097,3615.0
470.25574,3647.0
470.41443,3639.0
470.5731,3648.0
470.7318,3651.0
470.89044,3630.0
471.04907,3642.0
471.20773,3643.0
471.36633,3654.0
471.52493,3628.0
471.68353,3640.0
471.8421,3631.0
472.00064,3596.0
472.15918,3609.0
472.31772,3641.0
472.4762,3632.0
472.63474,3646.0
472.7932,3668.0
472.95166,3608.0
473.11014,3660.0
473.2686,3619.0
473.427,3644.0
473.5854,3628.0
473.7438,3585.0
473.90216,3602.0
474.06052,3644.0
474.21887,3646.0
474.3772,3610.0
474.53552,3622.0
474.69385,3631.0
474.8521,3589.0
475.01038,3650.0
475.16864,3644.0
475.3269,3646.0
475.4851,3603.0
475.64334,3650.0
475.80154,3642.0
475.95972,3680.0
476.1179,3609.0
476.27606,3680.0
476.43417,3644.0
476.5923,3622.0
476.75043,3672.0
476.9085,3682.0
477.06656,3640.0
477.22464,3647.0
477.3827,3656.0
477.5407,3673.0
477.69873,3633.0
477.85672,3642.0
478.0147,3597.0
478.1727,3676.0
478.33066,3624.0
478.48856,3660.0
478.6465,3604.0
478.80444,3619.0
478.96234,3696.0
479.1202,3634.0
479.27808,3661.0
479.4359,3676.0
479.59375,3646.0
479.7516,3644.0
479.90936,3627.0
480.06717,3684.0
480.22495,3660.0
480.3827,3666.0
480.54044,3645.0
480.69818,3672.0
480.8559,3611.0
481.01355,3675.0
481.17126,3642.0
481.32895,3681.0
481.4866,3664.0
481.64423,3611.0
481.80185,3636.0
481.95944,3686.0
482.11703,3604.0
482.27463,3644.0
482.4322,3580.0
482.58972,3652.0
482.74725,3614.0
482.90475,3659.0
483.06226,3654.0
483.21976,3629.0
483.3772,3632.0
483.53464,3634.0
483.6921,3640.0
483.84955,3609.0
484.0069,3663.0
484.1643,3673.0
484.32172,3705.0
484.47906,3688.0
484.63638,3692.0
484.79373,3633.0
484.95105,3665.0
485.10834,3660.0
485.26562,3657.0
485.42288,3624.0
485.58014,3619.0
485.7374,3639.0
485.8946,3638.0
486.0518,3682.0
486.209,3658.0
486.36618,3679.0
486.52332,3605.0
486.68048,3609.0
486.83762,3597.0
486.99472,3686.0
487.1518,3607.0
487.3089,3685.0
487.46597,3604.0
487.623,3623.0
487.78006,3617.0
487.93707,3628.0
488.09406,3645.0
488.25107,3677.0
488.40802,3708.0
488.56497,3668.0
488.72192,3636.0
488.87885,3669.0
489.03574,3755.0
489.19266,3675.0
489.34955,3685.0
489.50638,3691.0
489.66324,3746.0
489.82007,3734.0
489.9769,3745.0
490.13367,3694.0
490.29047,3755.0
490.44724,3717.0
490.60397,3707.0
490.76074,3702.0
490.91745,3757.0
491.07413,3766.0
491.23083,3764.0
491.3875,3755.0
491.54416,3827.0
491.7008,3820.0
491.85745,3746.0
492.01404,3690.0
492.17065,3730.0
492.32724,3727.0
492.4838,3725.0
492.64035,3712.0
492.79688,3636.0
492.9534,3716.0
493.1099,3671.0
493.2664,3641.0
493.42285,3654.0
493.57928,3662.0
493.73575,3623.0
493.89215,3716.0
494.04855,3656.0
494.20496,3654.0
494.36133,3663.0
494.51767,3638.0
494.67404,3620.0
494.83038,3715.0
494.98663,3656.0
495.14294,3712.0
495.29926,3689.0
495.4555,3633.0
495.61176,3659.0
495.768,3624.0
495.9242,3616.0
496.08038,3665.0
496.23657,3644.0
496.39273,3683.0
496.5489,3618.0
496.70505,3672.0
496.86115,3640.0
497.01724,3619.0
497.17334,3587.0
497.32944,3673.0
497.48544,3630.0
497.6415,3654.0
497.79755,3693.0
497.95355,3658.0
498.10953,3617.0
498.26553,3641.0
498.42148,3585.0
498.5774,3688.0
498.73334,3632.0
498.88925,3678.0
499.04514,3639.0
499.20105,3617.0
499.35687,3613.0
499.51273,3657.0
499.66858,3668.0
499.82437,3643.0
499.98016,3642.0
500.13596,3630.0
500.29175,3614.0
500.44745,3601.0
500.6032,3638.0
500.75897,3699.0
500.91464,3673.0
501.0703,3655.0
501.226,3644.0
501.38165,3644.0
501.5373,3648.0
501.69293,3646.0
501.8485,3637.0
502.0041,3578.0
502.1597,3619.0
502.31525,3692.0
502.47076,3611.0
502.6263,3617.0
502.78183,3719.0
502.9373,3624.0
503.09277,3627.0
503.24826,3615.0
503.4037,3668.0
503.5591,3647.0
503.71454,3680.0
503.86993,3640.0
504.0253,3621.0
504.1807,3653.0
504.33603,3571.0
504.49133,3640.0
504.64667,3655.0
504.80194,3670.0
504.9572,3555.0
505.11252,3686.0
505.26776,3683.0
505.42297,3663.0
505.57822,3596.0
505.73343,3634.0
505.88858,3628.0
506.04376,3645.0
506.1989,3652.0
506.35406,3573.0
506.50916,3615.0
506.66428,3663.0
506.81937,3648.0
506.97443,3664.0
507.1295,3671.0
507.28452,3668.0
507.4395,3609.0
507.59454,3599.0
507.7495,3630.0
507.90448,3647.0
508.05945,3636.0
508.21442,3671.0
508.3693,3570.0
508.52423,3617.0
508.67914,3666.0
508.83398,3613.0
508.98883,3651.0
509.1437,3637.0
509.29852,3663.0
509.4533,3665.0
509.60812,3642.0
509.76288,3630.0
509.91763,3617.0
510.0724,3572.0
510.2271,3696.0
510.3818,3614.0
510.53653,3668.0
510.6912,3699.0
510.84583,3624.0
511.0005,3639.0
511.15515,3621.0
511.30972,3622.0
511.46432,3651.0
511.61893,3654.0
511.77347,3642.0
511.928,3687.0
512.0826,3647.0
512.23706,3669.0
512.39154,3654.0
512.546,3698.0
512.7005,3624.0
512.8549,3612.0
513.0094,3654.0
513.16376,3573.0
513.3182,3617.0
513.47253,3639.0
513.62695,3641.0
513.78125,3635.0
513.9356,3657.0
514.0899,3661.0
514.2442,3614.0
514.3985,3673.0
514.5528,3666.0
514.70703,3678.0
514.8612,3653.0
515.01544,3685.0
515.1697,3691.0
515.3238,3650.0
515.478,3630.0
515.63214,3642.0
515.78625,3643.0
515.94037,3683.0
516.0945,3620.0
516.24854,3637.0
516.40265,3681.0
516.5567,3671.0
516.7107,3587.0
516.86475,3680.0
517.01874,3700.0
517.1727,3679.0
517.32666,3672.0
517.48065,3619.0
517.6345,3656.0
517.78845,3654.0
517.9424,3633.0
518.09625,3661.0
518.2501,3667.0
518.40393,3665.0
518.5578,3697.0
518.7116,3632.0
518.8654,3578.0
519.0192,3674.0
519.1729,3684.0
519.3267,3659.0
519.48047,3661.0
519.63416,3645.0
519.78784,3641.0
519.9415,3672.0
520.0952,3638.0
520.24884,3634.0
520.40247,3667.0
520.5561,3689.0
520.70966,3677.0
520.8633,3666.0
521.0168,3617.0
521.17035,3622.0
521.3239,3643.0
521.4774,3652.0
521.63086,3624.0
521.78436,3659.0
521.93787,3634.0
522.09125,3633.0
522.2447,3649.0
522.39813,3682.0
522.5515,3636.0
522.7049,3677.0
522.8583,3641.0
523.0116,3654.0
523.1649,3633.0
523.31824,3653.0
523.47156,3576.0
523.6248,3662.0
523.7781,3657.0
523.93134,3664.0
524.08453,3646.0
524.2378,3656.0
524.391,3668.0
524.5441,3678.0
524.6973,3607.0
524.85046,3648.0
525.0036,3654.0
525.1567,3665.0
525.3098,3649.0
525.4629,3672.0
525.6159,3673.0
525.769,3699.0
525.922,3671.0
526.07495,3689.0
526.22797,3653.0
526.381,3722.0
526.5339,3633.0
526.6869,3657.0
526.8398,3609.0
526.9927,3668.0
527.14557,3667.0
527.29846,3699.0
527.4513,3678.0
527.6041,3698.0
527.75696,3650.0
527.9098,3638.0
528.06256,3612.0
528.21533,3624.0
528.3681,3646.0
528.5208,3731.0
528.6736,3672.0
528.82623,3651.0
528.97894,3622.0
529.1316,3671.0
529.28424,3660.0
529.4369,3669.0
529.58954,3697.0
529.7421,3654.0
529.89465,3661.0
530.04724,3670.0
530.1998,3702.0
530.35236,3692.0
530.5049,3657.0
530.6574,3686.0
530.8099,3683.0
530.9623,3700.0
531.11475,3704.0
531.2672,3684.0
531.4196,3654.0
531.572,3674.0
531.72437,3657.0
531.8767,3700.0
532.0291,3668.0
532.18146,3654.0
532.33374,3651.0
532.486,3668.0
532.6383,3710.0
532.7906,3661.0
532.9428,3642.0
533.0951,3721.0
533.24725,3669.0
533.3995,3629.0
533.55164,3694.0
533.7038,3672.0
533.8559,3648.0
534.00806,3649.0
534.16016,3706.0
534.31226,3704.0
534.46436,3703.0
534.6164,3752.0
534.76843,3685.0
534.9205,3683.0
535.07245,3702.0
535.2244,3675.0
535.3764,3763.0
535.5284,3789.0
535.6803,3735.0
535.8322,3703.0
535.98413,3748.0
536.136,3730.0
536.28784,3693.0
536.43976,3718.0
536.59155,3731.0
536.74335,3755.0
536.8952,3697.0
537.04694,3701.0
537.1987,3715.0
537.35046,3734.0
537.50226,3720.0
537.65393,3754.0
537.8056,3752.0
537.95734,3702.0
538.109,3758.0
538.2606,3776.0
538.41223,3752.0
538.5639,3798.0
538.71545,3788.0
538.867,3771.0
539.0186,3718.0
539.1701,3823.0
539.32166,3827.0
539.4732,3801.0
539.62463,3756.0
539.7761,3810.0
539.9276,3843.0
540.079,3889.0
540.23047,3873.0
540.38184,3825.0
540.5332,3887.0
540.6846,3919.0
540.836,3810.0
540.98724,3895.0
541.1386,3933.0
541.2899,3951.0
541.44116,3935.0
541.59247,3998.0
541.7437,4017.0
541.8949,4037.0
542.04614,4093.0
542.1974,4191.0
542.3485,4243.0
542.4997,4282.0
542.6509,4379.0
542.802,4531.0
542.95306,4720.0
543.1042,5130.0
543.2553,5591.0
543.4064,6376.0
543.5574,7103.0
543.70844,8222.0
543.85944,9993.0
544.0104,12441.0
544.1614,15958.0
544.3124,20630.0
544.46326,22795.0
544.6142,23256.0
544.76514,23584.0
544.91595,23507.0
545.0669,23550.0
545.2177,24043.0
545.3685,23825.0
545.51935,24002.0
545.67017,23935.0
545.8209,23951.0
545.97174,23543.0
546.1225,23349.0
546.2732,22527.0
546.4239,21752.0
546.57465,21012.0
546.7253,20091.0
546.876,18331.0
547.0266,15223.0
547.1772,11309.0
547.3278,7222.0
547.47845,5407.0
547.62897,4866.0
547.77954,4853.0
547.9301,4694.0
548.0807,4575.0
548.23114,4557.0
548.38165,4416.0
548.5321,4505.0
548.6826,4367.0
548.833,4406.0
548.98346,4352.0
549.13385,4314.0
549.28424,4316.0
549.4346,4306.0
549.58496,4251.0
549.7353,4197.0
549.8856,4230.0
550.0359,4221.0
550.18616,4121.0
550.3364,4089.0
550.4867,4128.0
550.6369,4095.0
550.7871,4042.0
550.9373,3949.0
551.08746,3957.0
551.2377,3986.0
551.3878,3936.0
551.5379,3957.0
551.68805,3909.0
551.83813,3887.0
551.98816,3916.0
552.13824,3892.0
552.2883,3961.0
552.4383,3886.0
552.5883,3847.0
552.73834,3850.0
552.88824,3835.0
553.0382,3787.0
553.1882,3786.0
553.33813,3750.0
553.488,3814.0
553.6379,3764.0
553.7878,3789.0
553.9376,3850.0
554.0874,3784.0
554.23724,3798.0
554.3871,3730.0
554.5368,3738.0
554.6866,3743.0
554.83636,3750.0
554.986,3781.0
555.13574,3805.0
555.28546,3775.0
555.4351,3783.0
555.5848,3693.0
555.73444,3798.0
555.88403,3771.0
556.0336,3733.0
556.1832,3755.0
556.33276,3781.0
556.48236,3770.0
556.6319,3757.0
556.7814,3735.0
556.9309,3761.0
557.0804,3758.0
557.2298,3695.0
557.3793,3717.0
557.52875,3696.0
557.6781,3711.0
557.8275,3714.0
557.9769,3666.0
558.1262,3694.0
558.27563,3703.0
558.4249,3753.0
558.5742,3731.0
558.7236,3774.0
558.8728,3719.0
559.02203,3746.0
559.1713,3676.0
559.32056,3705.0
559.4697,3716.0
559.61896,3721.0
559.76807,3683.0
559.91724,3681.0
560.0664,3706.0
560.2155,3687.0
560.3646,3687.0
560.51373,3697.0
560.6627,3679.0
560.81177,3694.0
560.9608,3712.0
561.1098,3723.0
561.25885,3674.0
561.40784,3689.0
561.55676,3701.0
561.7057,3669.0
561.8547,3689.0
562.00354,3680.0
562.1524,3732.0
562.30133,3705.0
562.45013,3673.0
562.599,3662.0
562.7478,3682.0
562.8966,3711.0
563.0454,3720.0
563.1942,3688.0
563.3429,3651.0
563.4917,3645.0
563.6404,3706.0
563.78906,3672.0
563.9378,3656.0
564.0864,3686.0
564.23505,3673.0
564.3837,3685.0
564.5323,3708.0
564.6809,3658.0
564.8295,3655.0
564.978,3685.0
565.1266,3678.0
565.27515,3693.0
565.4236,3721.0
565.5721,3717.0
565.7206,3699.0
565.869,3734.0
566.01746,3712.0
566.1659,3706.0
566.3143,3643.0
566.46265,3685.0
566.611,3649.0
566.75934,3674.0
566.9077,3652.0
567.056,3756.0
567.2043,3745.0
567.3526,3656.0
567.50085,3650.0
567.64905,3686.0
567.7973,3688.0
567.94556,3677.0
568.0937,3720.0
568.2419,3732.0
568.3901,3680.0
568.53815,3755.0
568.6864,3652.0
568.8344,3624.0
568.9825,3666.0
569.1306,3726.0
569.2786,3656.0
569.42664,3681.0
569.5747,3671.0
569.7227,3666.0
569.87067,3708.0
570.0187,3690.0
570.16656,3694.0
570.3145,3691.0
570.46246,3616.0
570.6103,3655.0
570.75824,3691.0
570.90607,3718.0
571.0539,3737.0
571.2017,3745.0
571.34955,3726.0
571.4973,3758.0
571.6451,3725.0
571.7929,3721.0
571.94055,3743.0
572.0883,3675.0
572.236,3733.0
572.38367,3729.0
572.5314,3750.0
572.679,3740.0
572.82666,3738.0
572.97424,3681.0
573.1219,3719.0
573.2694,3809.0
573.417,3735.0
573.5646,3738.0
573.71204,3744.0
573.8596,3739.0
574.0071,3834.0
574.15454,3801.0
574.30206,3932.0
574.44946,3943.0
574.59686,3997.0
574.7443,4216.0
574.89166,4437.0
575.03906,4681.0
575.18646,5284.0
575.33374,5995.0
575.4811,6731.0
575.6284,7214.0
575.77563,7312.0
575.9229,7274.0
576.0702,7370.0
576.2174,7399.0
576.3646,7403.0
576.51184,7452.0
576.659,7619.0
576.80615,7717.0
576.9533,7986.0
577.1004,8320.0
577.24756,8724.0
577.39465,9317.0
577.5417,10227.0
577.6888,10766.0
577.8358,10698.0
577.9828,10464.0
578.1298,10014.0
578.27686,9318.0
578.42377,8384.0
578.57074,7809.0
578.71765,7815.0
578.86456,7790.0
579.01154,7828.0
579.1584,7796.0
579.3052,7680.0
579.45215,7636.0
579.59894,7663.0
579.74567,7502.0
579.8926,7399.0
580.0393,7058.0
580.1861,6606.0
580.3328,6013.0
580.4795,5182.0
580.6262,4309.0
580.77295,4010.0
580.9196,3929.0
581.0663,3924.0
581.21295,3904.0
581.3595,3876.0
581.5061,3895.0
581.6527,3861.0
581.79926,3853.0
581.9458,3855.0
582.0924,3894.0
582.23883,3824.0
582.3854,3833.0
582.53186,3780.0
582.6783,3846.0
582.82477,3812.0
582.9712,3831.0
583.11755,3715.0
583.264,3767.0
583.4104,3797.0
583.5567,3784.0
583.70306,3823.0
583.8494,3737.0
583.99567,3735.0
584.142,3757.0
584.28827,3741.0
584.4345,3743.0
584.5808,3742.0
584.727,3714.0
584.87317,3723.0
585.0194,3732.0
585.1655,3744.0
585.3117,3723.0
585.4579,3680.0
585.60394,3720.0
585.75006,3743.0
585.8962,3696.0
586.0422,3726.0
586.18823,3666.0
586.3343,3724.0
586.4803,3730.0
586.6263,3679.0
586.7723,3735.0
586.9182,3679.0
587.06415,3697.0
587.2101,3674.0
587.35596,3691.0
587.5019,3650.0
587.64777,3702.0
587.7936,3686.0
587.93945,3677.0
588.08527,3697.0
588.231,3682.0
588.37683,3729.0
588.52264,3749.0
588.66833,3668.0
588.8141,3732.0
588.95984,3675.0
589.10547,3714.0
589.2512,3670.0
589.39685,3698.0
589.5425,3644.0
589.6882,3724.0
589.83374,3644.0
589.9793,3709.0
590.12494,3698.0
590.27045,3662.0
590.416,3649.0
590.5616,3695.0
590.70703,3676.0
590.85254,3747.0
590.99805,3726.0
591.14343,3746.0
591.28894,3742.0
591.4344,3653.0
591.5797,3675.0
591.7251,3701.0
591.87054,3681.0
592.0158,3796.0
592.1612,3721.0
592.3065,3686.0
592.4518,3658.0
592.59705,3649.0
592.7424,3712.0
592.8876,3659.0
593.03284,3695.0
593.17804,3701.0
593.3232,3650.0
593.4684,3682.0
593.6136,3611.0
593.75867,3694.0
593.9038,3619.0
594.04895,3646.0
594.19403,3589.0
594.3392,3656.0
594.4842,3634.0
594.62915,3703.0
594.7743,3703.0
594.91925,3651.0
595.0642,3645.0
595.2092,3608.0
595.3541,3707.0
595.4991,3608.0
595.64404,3667.0
595.7889,3650.0
595.93384,3646.0
596.0787,3668.0
596.2235,3642.0
596.36835,3629.0
596.5132,3601.0
596.65796,3687.0
596.80273,3617.0
596.9475,3627.0
597.0922,3662.0
597.237,3710.0
597.3817,3653.0
597.52637,3673.0
597.6711,3681.0
597.81573,3708.0
597.9603,3684.0
598.105,3681.0
598.24963,3646.0
598.39417,3703.0
598.53876,3589.0
598.68335,3660.0
598.8278,3629.0
598.97235,3666.0
599.1169,3715.0
599.26135,3667.0
599.4059,3703.0
599.5503,3668.0
599.6947,3636.0
599.8392,3621.0
599.9836,3680.0
600.1279,3669.0
600.27234,3682.0
600.4166,3702.0
600.56104,3630.0
600.7053,3597.0
600.8496,3627.0
600.9939,3683.0
601.1382,3659.0
601.2824,3631.0
601.42664,3698.0
601.57086,3676.0
601.715,3612.0
601.8592,3682.0
602.0034,3707.0
602.1475,3728.0
602.2916,3719.0
602.4358,3697.0
602.57983,3687.0
602.72394,3743.0
602.868,3714.0
603.012,3693.0
603.15607,3704.0
603.30005,3753.0
603.44403,3718.0
603.588,3726.0
603.732,3738.0
603.87585,3715.0
604.01984,3768.0
604.16376,3748.0
604.30756,3699.0
604.45154,3761.0
604.59534,3743.0
604.73914,3771.0
604.88306,3706.0
605.0268,3714.0
605.17053,3694.0
605.3144,3702.0
605.45807,3693.0
605.60187,3698.0
605.7456,3722.0
605.8892,3659.0
606.03296,3665.0
606.17664,3655.0
606.32025,3661.0
606.46387,3694.0
606.6075,3616.0
606.75104,3739.0
606.89465,3683.0
607.03827,3705.0
607.18176,3647.0
607.3253,3636.0
607.4688,3629.0
607.61224,3687.0
607.75574,3649.0
607.89923,3640.0
608.04266,3691.0
608.1861,3678.0
608.3295,3597.0
608.47284,3627.0
608.6163,3689.0
608.75964,3636.0
608.90295,3644.0
609.04626,3685.0
609.1896,3704.0
609.3328,3616.0
609.4762,3670.0
609.61945,3695.0
609.76263,3693.0
609.90594,3610.0
610.0491,3644.0
610.1922,3680.0
610.33545,3647.0
610.4786,3685.0
610.62177,3638.0
610.7649,3653.0
610.90796,3648.0
611.051,3602.0
611.19415,3662.0
611.33716,3669.0
611.4802,3654.0
611.6232,3645.0
611.7662,3638.0
611.9092,3618.0
612.0522,3679.0
612.19507,3652.0
612.338,3698.0
612.48096,3727.0
612.62384,3605.0
612.7667,3612.0
612.9096,3688.0
613.0524,3698.0
613.19525,3670.0
613.33813,3646.0
613.48083,3640.0
613.62366,3656.0
613.7664,3652.0
613.9091,3670.0
614.0519,3652.0
614.19464,3660.0
614.3373,3646.0
614.48004,3683.0
614.6227,3676.0
614.76526,3706.0
614.90796,3672.0
615.05054,3627.0
615.1931,3630.0
615.33575,3674.0
615.4783,3722.0
615.62085,3686.0
615.76337,3681.0
615.9058,3689.0
616.04834,3694.0
616.19086,3656.0
616.33325,3672.0
616.4757,3715.0
616.61816,3672.0
616.76056,3637.0
616.90295,3615.0
617.04535,3654.0
617.1877,3645.0
617.33,3657.0
617.47235,3641.0
617.6146,3717.0
617.75696,3662.0
617.89923,3619.0
618.04144,3618.0
618.1837,3713.0
618.326,3619.0
618.46814,3631.0
618.61035,3659.0
618.75256,3587.0
618.89465,3685.0
619.03687,3671.0
619.17896,3608.0
619.32104,3596.0
619.4632,3668.0
619.6052,3619.0
619.74725,3648.0
619.88934,3670.0
620.0314,3643.0
620.17334,3701.0
620.31537,3647.0
620.45734,3689.0
620.5993,3634.0
620.7413,3661.0
620.8831,3678.0
621.025,3626.0
621.167,3649.0
621.3088,3667.0
621.4507,3636.0
621.5925,3722.0
621.7343,3675.0
621.87616,3678.0
622.01794,3621.0
622.15967,3596.0
622.30145,3644.0
622.44324,3687.0
622.5849,3637.0
622.7266,3657.0
622.86835,3661.0
623.00995,3681.0
623.1516,3675.0
623.2933,3623.0
623.4349,3684.0
623.5765,3630.0
623.71814,3713.0
623.8596,3700.0
624.0013,3681.0
624.14276,3719.0
624.28424,3717.0
624.42584,3716.0
624.5673,3711.0
624.70874,3757.0
624.8503,3794.0
624.99164,3725.0
625.13306,3718.0
625.27454,3772.0
625.4159,3844.0
625.55725,3907.0
625.69867,3889.0
625.83997,3871.0
625.9813,3837.0
626.1226,3828.0
626.26385,3822.0
626.40515,3859.0
626.54645,3842.0
626.6877,3846.0
626.8289,3855.0
626.97015,3903.0
627.11127,3859.0
627.2525,3812.0
627.3937,3758.0
627.5347,3808.0
627.6759,3791.0
627.817,3816.0
627.95807,3738.0
628.0992,3770.0
628.24023,3750.0
628.3813,3718.0
628.52234,3655.0
628.6633,3617.0
628.8043,3654.0
628.9454,3659.0
629.0863,3652.0
629.2272,3680.0
629.36816,3699.0
629.50903,3688.0
629.6499,3694.0
629.7909,3633.0
629.9317,3675.0
630.0725,3648.0
630.21344,3637.0
630.3542,3657.0
630.495,3628.0
630.6358,3658.0
630.77655,3633.0
630.9173,3654.0
631.05804,3671.0
631.1987,3603.0
631.3395,3651.0
631.48016,3625.0
631.6208,3613.0
631.7615,3648.0
631.9021,3649.0
632.04266,3649.0
632.1833,3668.0
632.3239,3675.0
632.4644,3607.0
632.605,3627.0
632.74554,3615.0
632.88605,3634.0
633.02655,3646.0
633.16705,3634.0
633.3075,3601.0
633.448,3633.0
633.58844,3631.0
633.7288,3709.0
633.8693,3686.0
634.00964,3668.0
634.14996,3692.0
634.2904,3592.0
634.4307,3581.0
634.57104,3625.0
634.7114,3583.0
634.8517,3633.0
634.9919,3606.0
635.13226,3664.0
635.27246,3628.0
635.41266,3590.0
635.5529,3583.0
635.69305,3590.0
635.83325,3620.0
635.97345,3686.0
636.1136,3613.0
636.2537,3658.0
636.39386,3625.0
636.53394,3636.0
636.674,3692.0
636.8141,3618.0
636.9541,3685.0
637.0942,3654.0
637.2342,3608.0
637.37415,3630.0
637.51416,3652.0
637.6542,3696.0
637.79407,3640.0
637.934,3665.0
638.074,3649.0
638.2138,3707.0
638.35376,3620.0
638.49365,3658.0
638.6335,3678.0
638.7734,3639.0
638.91315,3656.0
639.0529,3660.0
639.1928,3634.0
639.3325,3672.0
639.4723,3665.0
639.61206,3600.0
639.7518,3596.0
639.8915,3659.0
640.03125,3651.0
640.1709,3686.0
640.31055,3664.0
640.4502,3704.0
640.58984,3684.0
640.72943,3690.0
640.8691,3659.0
641.0086,3690.0
641.1482,3734.0
641.2878,3724.0
641.4273,3728.0
641.56683,3750.0
641.70636,3712.0
641.8458,3669.0
641.9853,3692.0
642.12476,3689.0
642.26416,3719.0
642.4036,3676.0
642.543,3683.0
642.6824,3750.0
642.8218,3677.0
642.9612,3702.0
643.10046,3655.0
643.23987,3702.0
643.37915,3688.0
643.51843,3736.0
643.6578,3655.0
643.797,3691.0
643.9362,3656.0
644.07556,3668.0
644.2147,3614.0
644.3539,3646.0
644.49316,3631.0
644.6323,3618.0
644.7715,3639.0
644.91064,3653.0
645.04974,3653.0
645.18884,3671.0
645.32794,3625.0
645.467,3633.0
645.6061,3575.0
645.7452,3647.0
645.88416,3595.0
646.0232,3611.0
646.16223,3671.0
646.30115,3660.0
646.4401,3607.0
646.5791,3640.0
646.718,3626.0
646.85693,3652.0
646.99585,3640.0
647.1347,3625.0
647.2736,3643.0
647.4125,3660.0
647.5513,3641.0
647.6901,3630.0
647.829,3623.0
647.9677,3682.0
648.1065,3642.0
648.2453,3663.0
648.38403,3658.0
648.5228,3641.0
648.6615,3692.0
648.8002,3671.0
648.93896,3622.0
649.0776,3655.0
649.2162,3665.0
649.3549,3676.0
649.4935,3654.0
649.63214,3650.0
649.77075,3686.0
649.9093,3661.0
650.04785,3650.0
650.1864,3693.0
650.32495,3680.0
650.46344,3646.0
650.602,3672.0
650.7404,3703.0
650.8789,3625.0
651.0174,3630.0
651.15576,3700.0
651.29425,3655.0
651.4327,3636.0
651.571,3644.0
651.7094,3678.0
651.8478,3661.0
651.9861,3586.0
652.12445,3633.0
652.26276,3643.0
652.40106,3655.0
652.53937,3677.0
652.6776,3650.0
652.81586,3620.0
652.9541,3633.0
653.09235,3675.0
653.2305,3676.0
653.3688,3683.0
653.50696,3624.0
653.645,3676.0
653.78326,3649.0
653.9214,3691.0
654.05945,3628.0
654.19763,3657.0
654.3357,3676.0
654.47375,3692.0
654.6118,3685.0
654.7498,3712.0
654.8879,3697.0
655.0259,3617.0
655.1639,3648.0
655.3019,3619.0
655.4398,3659.0
655.57776,3671.0
655.7157,3632.0
655.85364,3636.0
655.9915,3714.0
656.1294,3628.0
656.2673,3633.0
656.4051,3659.0
656.54297,3586.0
656.6808,3685.0
656.8186,3617.0
656.9564,3649.0
657.0942,3621.0
657.23193,3604.0
657.3697,3711.0
657.50745,3614.0
657.64514,3622.0
657.78284,3638.0
657.9206,3641.0
658.0582,3601.0
658.1959,3658.0
658.33356,3608.0
658.4711,3635.0
658.6088,3627.0
658.7464,3658.0
658.8839,3603.0
659.0216,3678.0
659.1591,3718.0
659.29663,3688.0
659.4342,3653.0
659.57166,3668.0
659.70917,3635.0
659.8467,3627.0
659.98413,3676.0
660.1216,3652.0
660.25903,3601.0
660.3964,3666.0
660.5338,3620.0
660.67126,3653.0
660.8086,3658.0
660.9459,3702.0
661.0833,3607.0
661.2206,3689.0
661.3579,3668.0
661.49524,3666.0
661.6325,3633.0
661.7698,3679.0
661.90704,3667.0
662.04425,3659.0
662.1815,3631.0
662.3187,3668.0
662.4559,3638.0
662.5931,3675.0
662.7303,3716.0
662.8674,3643.0
663.00464,3619.0
663.14166,3676.0
663.27875,3608.0
663.41595,3681.0
663.553,3628.0
663.69,3630.0
663.8271,3628.0
663.9641,3660.0
664.10114,3671.0
664.23816,3666.0
664.3751,3727.0
664.5121,3631.0
664.6491,3612.0
664.786,3594.0
664.9229,3682.0
665.0599,3653.0
665.1967,3665.0
665.3336,3650.0
665.4705,3595.0
665.60736,3647.0
665.7442,3642.0
665.88104,3636.0
666.0178,3696.0
666.15466,3627.0
666.29144,3670.0
666.42816,3632.0
666.56494,3681.0
666.7017,3722.0
666.8384,3673.0
666.9751,3666.0
667.1118,3687.0
667.2485,3686.0
667.38513,3754.0
667.52185,3723.0
667.65845,3773.0
667.7951,3802.0
667.9317,3839.0
668.06824,3849.0
668.2049,3956.0
668.34143,3864.0
668.47797,3878.0
668.61456,3908.0
668.75104,3876.0
668.8876,3884.0
669.02405,3904.0
669.1605,3881.0
669.297,3896.0
669.4335,3900.0
669.5698,3895.0
669.7063,3887.0
669.8427,3865.0
669.97906,3825.0
670.1155,3828.0
670.25183,3872.0
670.3882,3844.0
670.52454,3847.0
670.6608,3770.0
670.7971,3774.0
670.9334,3793.0
671.0697,3696.0
671.20593,3732.0
671.3422,3684.0
671.47845,3700.0
671.6146,3679.0
671.75085,3708.0
671.8871,3642.0
672.0232,3715.0
672.15936,3702.0
672.29553,3639.0
672.43164,3675.0
672.5679,3683.0
672.7039,3631.0
672.83997,3715.0
672.97614,3684.0
673.1121,3606.0
673.24817,3707.0
673.3843,3683.0
673.52026,3689.0
673.65625,3668.0
673.7923,3722.0
673.9282,3697.0
674.0642,3660.0
674.2002,3693.0
674.33606,3712.0
674.472,3692.0
674.6079,3722.0
674.7438,3654.0
674.8797,3668.0
675.01556,3682.0
675.15137,3731.0
675.28723,3740.0
675.4231,3836.0
675.55884,3843.0
675.69464,3870.0
675.83044,3824.0
675.9662,3868.0
676.1019,3810.0
676.2377,3821.0
676.3734,3757.0
676.5091,3817.0
676.64484,3791.0
676.78046,3830.0
676.91614,3804.0
677.0518,3827.0
677.18744,3857.0
677.3231,3832.0
677.4587,3885.0
677.59424,3840.0
677.7299,3803.0
677.8655,3817.0
678.001,3851.0
678.1366,3820.0
678.2721,3743.0
678.4076,3688.0
678.54315,3657.0
678.6786,3635.0
678.8141,3687.0
678.9496,3698.0
679.08496,3694.0
679.2204,3660.0
679.35583,3686.0
679.4912,3643.0
679.62665,3674.0
679.762,3632.0
679.89734,3663.0
680.0327,3656.0
680.1681,3667.0
680.30334,3678.0
680.43866,3647.0
680.574,3609.0
680.7092,3679.0
680.84454,3678.0
680.9798,3671.0
681.115,3671.0
681.25024,3647.0
681.3855,3651.0
681.5206,3677.0
681.6558,3654.0
681.791,3628.0
681.92615,3682.0
682.0614,3687.0
682.1965,3695.0
682.33154,3701.0
682.46674,3648.0
682.60175,3660.0
682.7368,3595.0
682.87195,3670.0
683.00696,3706.0
683.142,3667.0
683.27704,3675.0
683.41205,3705.0
683.54706,3613.0
683.68207,3659.0
683.81696,3700.0
683.95197,3664.0
684.0869,3650.0
684.2218,3697.0
684.35675,3663.0
684.49164,3675.0
684.6265,3637.0
684.7614,3642.0
684.8963,3686.0
685.03107,3673.0
685.16595,3647.0
685.3008,3650.0
685.43555,3651.0
685.5704,3697.0
685.70514,3713.0
685.8399,3637.0
685.9747,3722.0
686.10944,3663.0
686.2441,3677.0
686.37885,3719.0
686.51355,3701.0
686.6482,3660.0
686.78296,3659.0
686.9176,3651.0
687.0522,3702.0
687.1869,3699.0
687.3215,3720.0
687.45605,3749.0
687.5907,3829.0
687.7253,3826.0
687.85986,3834.0
687.99445,3780.0
688.1289,3826.0
688.2635,3843.0
688.398,3881.0
688.5325,3857.0
688.667,3856.0
688.80145,3799.0
688.9359,3862.0
689.0704,3804.0
689.20483,3862.0
689.33923,3827.0
689.47363,3853.0
689.60803,3749.0
689.74243,3830.0
689.8768,3866.0
690.01117,3846.0
690.1455,3795.0
690.27985,3879.0
690.4142,3832.0
690.54846,3756.0
690.68274,3700.0
690.8171,3680.0
690.9513,3709.0
691.0856,3748.0
691.2198,3760.0
691.354,3748.0
691.4883,3710.0
691.62244,3788.0
691.7566,3717.0
691.89087,3760.0
692.025,3772.0
692.1591,3776.0
692.29333,3724.0
692.4274,3830.0
692.5615,3786.0
692.6957,3788.0
692.8297,3763.0
692.9638,3767.0
693.0979,3719.0
693.2319,3800.0
693.36597,3792.0
693.5,3768.0
693.634,3783.0
693.768,3834.0
693.902,3842.0
694.0359,3801.0
694.1699,3819.0
694.30383,3798.0
694.43774,3852.0
694.5717,3836.0
694.7056,3825.0
694.8395,3857.0
694.9734,3807.0
695.1073,3863.0
695.2411,3886.0
695.37494,3888.0
695.5088,3940.0
695.6426,3888.0
695.7764,3926.0
695.9102,3986.0
696.044,3996.0
696.17786,4071.0
696.3115,4028.0
696.44525,4190.0
696.57904,4270.0
696.71277,4567.0
696.84644,4940.0
696.98016,5817.0
697.11383,7335.0
697.2475,9999.0
697.38116,11764.0
697.5148,12039.0
697.64844,12092.0
697.7821,12326.0
697.91565,12411.0
698.04926,12306.0
698.18286,12420.0
698.3164,12479.0
698.45,12517.0
698.58356,12518.0
698.71704,12626.0
698.8506,12530.0
698.98413,12407.0
699.11755,12440.0
699.2511,12280.0
699.3846,12441.0
699.518,12406.0
699.6514,12369.0
699.7849,11941.0
699.9183,11282.0
700.0517,10114.0
700.1851,8423.0
700.3185,6135.0
700.4519,4471.0
700.58527,4034.0
700.71857,4001.0
700.852,4029.0
700.9853,3972.0
701.1185,4054.0
701.25195,3974.0
701.3852,4010.0
701.5184,3980.0
701.65173,3957.0
701.785,3941.0
701.9182,3969.0
702.05145,4030.0
702.18463,3953.0
702.3179,4023.0
702.45105,3923.0
702.5842,3941.0
702.7174,4001.0
702.8506,3954.0
702.9837,3945.0
703.1168,3903.0
703.25,3958.0
703.38306,4034.0
703.5162,3969.0
703.64923,3994.0
703.7823,3938.0
703.91534,3988.0
704.04846,4038.0
704.18146,4047.0
704.31445,3955.0
704.4475,4019.0
704.58044,3963.0
704.7135,3973.0
704.8465,3993.0
704.9794,4014.0
705.11237,4019.0
705.24536,4000.0
705.37823,3953.0
705.5112,3950.0
705.6441,3997.0
705.7769,4017.0
705.9099,3993.0
706.0427,4039.0
706.17554,3998.0
706.3085,4067.0
706.4413,4080.0
706.5741,4095.0
706.707,4147.0
706.8397,4148.0
706.97253,4157.0
707.1053,4207.0
707.23804,4383.0
707.3708,4773.0
707.50354,5470.0
707.6362,6862.0
707.769,9271.0
707.90173,11379.0
708.03436,11880.0
708.16705,12158.0
708.29974,12242.0
708.4324,12279.0
708.56506,12200.0
708.6977,12328.0
708.8303,12300.0
708.96295,12222.0
709.0956,12259.0
709.2281,12169.0
709.3607,12339.0
709.4933,12420.0
709.6258,12261.0
709.75836,12241.0
709.8909,12224.0
710.02344,12305.0
710.156,12276.0
710.28845,12087.0
710.4209,11649.0
710.55347,10607.0
710.6859,9232.0
710.8183,7329.0
710.9508,5022.0
711.08325,4247.0
711.21564,4070.0
711.3481,4122.0
711.48047,4056.0
711.61285,3945.0
711.74524,3995.0
711.87756,4034.0
712.00995,3972.0
712.14233,4068.0
712.2746,3981.0
712.4069,3975.0
712.53925,4028.0
712.6715,3977.0
712.80383,3979.0
712.9361,4014.0
713.06836,4012.0
713.2006,3960.0
713.3329,3922.0
713.4651,3927.0
713.5973,3979.0
713.72955,3953.0
713.8617,3907.0
713.9939,3980.0
714.1261,3943.0
714.2582,3964.0
714.3904,3883.0
714.5225,3939.0
714.6546,3929.0
714.7868,3900.0
714.9189,3972.0
715.05096,3879.0
715.1831,3830.0
715.3151,3871.0
715.44714,3872.0
715.5793,3890.0
715.7113,3964.0
715.8434,4123.0
715.9754,4210.0
716.10736,4455.0
716.2394,4709.0
716.3714,4747.0
716.50336,4778.0
716.6353,4837.0
716.7673,4799.0
716.8992,4728.0
717.0311,4725.0
717.1631,4768.0
717.295,4771.0
717.4269,4676.0
717.5588,4698.0
717.6906,4719.0
717.8225,4728.0
717.9544,4722.0
718.0862,4711.0
718.2181,4698.0
718.3499,4633.0
718.4817,4654.0
718.6135,4623.0
718.7453,4529.0
718.8771,4507.0
719.0089,4354.0
719.1406,4108.0
719.27234,3896.0
719.4042,3874.0
719.5359,3788.0
719.66754,3751.0
719.7993,3756.0
719.93097,3762.0
720.0626,3793.0
720.1944,3707.0
720.32605,3756.0
720.4577,3748.0
720.58936,3767.0
720.72095,3802.0
720.8526,3765.0
720.98425,3743.0
721.1158,3756.0
721.24744,3759.0
721.379,3737.0
721.51056,3736.0
721.64215,3754.0
721.7737,3725.0
721.9052,3741.0
722.03674,3722.0
722.16833,3756.0
722.2998,3754.0
722.4313,3747.0
722.5628,3794.0
722.6943,3739.0
722.82574,3773.0
722.9572,3756.0
723.0886,3783.0
723.2201,3804.0
723.35156,3807.0
723.4829,3792.0
723.6144,3830.0
723.7457,3744.0
723.8771,3827.0
724.00854,3757.0
724.1399,3756.0
724.2712,3762.0
724.40265,3802.0
724.53394,3777.0
724.6652,3778.0
724.79663,3730.0
724.92786,3775.0
725.0592,3808.0
725.1905,3822.0
725.3217,3776.0
725.453,3752.0
725.5843,3825.0
725.7155,3748.0
725.84674,3736.0
725.978,3743.0
726.1092,3709.0
726.2404,3706.0
726.37164,3753.0
726.50275,3857.0
726.634,3786.0
726.76514,3774.0
726.8963,3849.0
727.02747,3764.0
727.15857,3801.0
727.2897,3787.0
727.42084,3756.0
727.55194,3762.0
727.683,3812.0
727.8141,3833.0
727.9452,3792.0
728.07623,3818.0
728.2074,3833.0
728.3384,3878.0
728.46936,3910.0
728.6005,3913.0
728.73145,4002.0
728.8624,4063.0
728.9935,4289.0
729.12445,4572.0
729.25543,5128.0
729.3865,5711.0
729.5174,5769.0
729.6484,5725.0
729.7793,5780.0
729.9102,5908.0
730.04114,5819.0
730.1721,5880.0
730.303,5876.0
730.43384,5898.0
730.56476,5970.0
730.6956,5943.0
730.8265,6000.0
730.9574,6065.0
731.0882,6127.0
731.21906,6097.0
731.34985,5980.0
731.48065,6111.0
731.6115,6175.0
731.7423,6308.0
731.87305,6423.0
732.00385,6668.0
732.13464,7017.0
732.2654,6863.0
732.3961,6301.0
732.5269,5937.0
732.6576,5836.0
732.7884,5982.0
732.91907,6013.0
733.04974,6065.0
733.18054,6126.0
733.31116,6123.0
733.4418,6181.0
733.5726,6154.0
733.7032,6059.0
733.8338,6019.0
733.9645,5979.0
734.0951,5981.0
734.2257,5991.0
734.3564,5981.0
734.48694,5988.0
734.61755,5958.0
734.74817,5940.0
734.87866,5930.0
735.0093,5736.0
735.13983,5399.0
735.2704,5133.0
735.40094,4737.0
735.5315,4694.0
735.6619,4650.0
735.7925,4662.0
735.92303,4560.0
736.05347,4586.0
736.18396,4490.0
736.31445,4321.0
736.4449,4348.0
736.5754,4340.0
736.7059,4284.0
736.83624,4317.0
736.9667,4250.0
737.09717,4224.0
737.22754,4289.0
737.358,4268.0
737.48834,4241.0
737.6187,4269.0
737.74915,4236.0
737.8795,4207.0
738.0098,4202.0
738.14026,4161.0
738.27057,4023.0
738.4008,4090.0
738.53125,4093.0
738.6615,4107.0
738.7919,4102.0
738.9222,4092.0
739.0524,4070.0
739.18274,4103.0
739.31305,4155.0
739.44324,4197.0
739.57355,4301.0
739.7038,4354.0
739.834,4415.0
739.96423,4419.0
740.0945,4567.0
740.2247,4557.0
740.35486,4821.0
740.4851,5252.0
740.61523,6149.0
740.7454,7712.0
740.8756,10539.0
741.00574,14937.0
741.1359,17205.0
741.2661,17743.0
741.3962,17827.0
741.5263,17906.0
741.6565,17844.0
741.78656,17796.0
741.91675,17980.0
742.04675,17812.0
742.1768,17725.0
742.307,17814.0
742.437,17731.0
742.567,17559.0
742.69714,17564.0
742.82715,17524.0
742.9572,17546.0
743.0873,17349.0
743.2172,17459.0
743.3473,17570.0
743.4773,17396.0
743.60724,16887.0
743.73724,15713.0
743.86725,13654.0
743.9972,11217.0
744.1272,7810.0
744.25714,5067.0
744.387,4500.0
744.517,4446.0
744.647,4363.0
744.77686,4286.0
744.90674,4295.0
745.0367,4248.0
745.16656,4220.0
745.29645,4237.0
745.42633,4180.0
745.5562,4210.0
745.6861,4219.0
745.8159,4226.0
745.94574,4205.0
746.0756,4273.0
746.20544,4253.0
746.33527,4215.0
746.46515,4239.0
746.5949,4219.0
746.7247,4295.0
746.85455,4285.0
746.9843,4240.0
747.114,4234.0
747.2439,4232.0
747.3736,4170.0
747.50336,4184.0
747.6331,4119.0
747.7628,4161.0
747.8926,4155.0
748.02234,4212.0
748.152,4141.0
748.28174,4139.0
748.41144,4135.0
748.5411,4209.0
748.6708,4184.0
748.8005,4155.0
748.9301,4153.0
749.0598,4139.0
749.18945,4093.0
749.3191,4113.0
749.4487,4138.0
749.57837,4081.0
749.70795,4142.0
749.8376,4116.0
749.9672,4133.0
750.09674,4110.0
750.2264,4114.0
750.35596,4110.0
750.48553,4078.0
750.6151,4108.0
750.7447,4100.0
750.8742,4108.0
751.00385,4119.0
751.1333,4130.0
751.2628,4142.0
751.3924,4094.0
751.5219,4191.0
751.65137,4255.0
751.78094,4160.0
751.9104,4194.0
752.0399,4310.0
752.1694,4285.0
752.2988,4283.0
752.4283,4357.0
752.5578,4481.0
752.6872,4486.0
752.81665,4521.0
752.9461,4650.0
753.0755,4774.0
753.20496,5208.0
753.33435,6078.0
753.46375,7656.0
753.59314,10452.0
753.72253,15123.0
753.8519,18406.0
753.9813,19183.0
754.1107,19399.0
754.24,19595.0
754.3694,19965.0
754.4988,21215.0
754.62805,22323.0
754.7574,25027.0
754.8868,29139.0
755.01605,31845.0
755.1454,32040.0
755.2747,32282.0
755.40393,32150.0
755.5333,32044.0
755.6626,32258.0
755.7918,31971.0
755.92114,32340.0
756.05035,32006.0
756.17957,32445.0
756.3089,32017.0
756.4381,30946.0
756.5674,29305.0
756.69666,26790.0
756.8258,23454.0
756.9551,19749.0
757.0843,17934.0
757.21344,17500.0
757.34265,17673.0
757.47186,17011.0
757.601,16108.0
757.7302,14601.0
757.8594,12698.0
757.9885,9839.0
758.1177,6510.0
758.2468,5048.0
758.376,4798.0
758.5051,4674.0
758.6343,4718.0
758.7633,4647.0
758.89246,4655.0
759.0216,4481.0
759.15063,4552.0
759.2798,4483.0
759.4089,4501.0
759.5379,4518.0
759.667,4468.0
759.7961,4508.0
759.9251,4512.0
760.05426,4529.0
760.1833,4488.0
760.31226,4400.0
760.4414,4361.0
760.5704,4431.0
760.69934,4425.0
760.8284,4426.0
760.9574,4379.0
761.0864,4358.0
761.21545,4354.0
761.3444,4356.0
761.4734,4404.0
761.6024,4372.0
761.7313,4304.0
761.86035,4353.0
761.9893,4285.0
762.1182,4371.0
762.2472,4359.0
762.37616,4320.0
762.505,4319.0
762.634,4320.0
762.76294,4346.0
762.8918,4352.0
763.02075,4285.0
763.14966,4294.0
763.2785,4340.0
763.4074,4334.0
763.5363,4283.0
763.66516,4307.0
763.79407,4246.0
763.9229,4269.0
764.05176,4221.0
764.1806,4259.0
764.3095,4209.0
764.4383,4193.0
764.5672,4222.0
764.696,4258.0
764.82477,4205.0
764.9537,4254.0
765.08246,4182.0
765.2112,4194.0
765.3401,4210.0
765.4689,4297.0
765.59766,4252.0
765.72644,4192.0
765.85516,4240.0
765.984,4293.0
766.1128,4307.0
766.24146,4367.0
766.37024,4346.0
766.499,4428.0
766.62775,4496.0
766.7565,4609.0
766.8852,4706.0
767.0139,4832.0
767.14264,5054.0
767.27136,5537.0
767.4,7102.0
767.52875,10061.0
767.6575,14905.0
767.78613,23970.0
767.91486,33043.0
768.0435,34924.0
768.1722,35566.0
768.30084,35885.0
768.4295,35757.0
768.55817,36127.0
768.6868,36052.0
768.8155,35816.0
768.9441,35751.0
769.07275,35747.0
769.20135,35626.0
769.32996,35503.0
769.4586,35305.0
769.5872,35288.0
769.71576,35279.0
769.8445,35120.0
769.973,34748.0
770.1016,34489.0
770.2302,34144.0
770.35876,33737.0
770.48737,32544.0
770.61597,30434.0
770.74445,26896.0
770.87305,21710.0
771.0016,14455.0
771.1301,7899.0
771.25867,6020.0
771.3872,5463.0
771.51575,5278.0
771.6443,5078.0
771.7728,5081.0
771.9013,5046.0
772.0298,4970.0
772.1583,4851.0
772.2868,4813.0
772.4153,4795.0
772.5438,4810.0
772.67224,4770.0
772.8008,4706.0
772.92926,4661.0
773.0577,4725.0
773.18616,4654.0
773.31464,4575.0
773.44305,4578.0
773.5716,4651.0
773.69995,4605.0
773.82837,4644.0
773.9569,4604.0
774.08527,4576.0
774.2137,4510.0
774.34216,4554.0
774.4705,4591.0
774.59894,4532.0
774.72736,4553.0
774.8557,4602.0
774.98413,4540.0
775.11255,4546.0
775.2409,4522.0
775.3693,4549.0
775.4977,4448.0
775.62604,4461.0
775.7544,4446.0
775.8828,4501.0
776.0111,4553.0
776.13947,4591.0
776.2678,4589.0
776.3961,4628.0
776.5245,4721.0
776.65283,4787.0
776.7811,4942.0
776.9095,5155.0
777.0378,5803.0
777.1661,7266.0
777.29443,9449.0
777.4227,13381.0
777.55096,17721.0
777.6793,19360.0
777.8076,19401.0
777.93585,19374.0
778.0642,19430.0
778.19244,19613.0
778.3207,19320.0
778.44904,19136.0
778.5773,19620.0
778.70544,19441.0
778.8338,19155.0
778.96204,19111.0
779.0903,19085.0
779.21857,19228.0
779.34674,19042.0
779.475,19168.0
779.6032,18947.0
779.7314,19188.0
779.8597,19051.0
779.9879,18977.0
780.116,18835.0
780.24426,18091.0
780.3725,16417.0
780.5007,13816.0
780.62885,10899.0
780.7571,6908.0
780.88525,5106.0
781.0134,4596.0
781.1416,4565.0
781.2698,4473.0
781.39795,4333.0
781.5261,4327.0
781.65424,4322.0
781.7824,4314.0
781.9106,4231.0
782.0387,4230.0
782.1669,4233.0
782.29504,4238.0
782.4231,4257.0
782.55133,4222.0
782.6794,4166.0
782.8075,4190.0
782.93567,4148.0
783.0638,4224.0
783.19183,4153.0
783.32,4174.0
783.44806,4081.0
783.57623,4150.0
783.70435,4122.0
783.83234,4165.0
783.96045,4118.0
784.08856,4159.0
784.2166,4133.0
784.3447,4067.0
784.4728,4033.0
784.6008,4131.0
784.72894,4069.0
784.857,4132.0
784.98505,4053.0
785.1131,4108.0
785.24115,4079.0
785.36914,3990.0
785.49725,3970.0
785.6253,3995.0
785.7533,4023.0
785.88135,3969.0
786.0094,4041.0
786.1374,3997.0
786.2654,3977.0
786.39343,4022.0
786.5214,4098.0
786.6494,4058.0
786.77747,4023.0
786.90546,3971.0
787.0335,4014.0
787.1615,3930.0
787.2894,3930.0
787.4175,3904.0
787.5454,3985.0
787.6734,3970.0
787.80145,3877.0
787.9294,3923.0
788.0574,3914.0
788.18536,3861.0
788.3133,3874.0
788.4412,3867.0
788.5692,3791.0
788.69714,3887.0
788.82513,3852.0
788.95306,3857.0
789.081,3849.0
789.209,3903.0
789.3369,3805.0
789.4648,3864.0
789.5928,3798.0
789.7207,3753.0
789.8486,3798.0
789.97656,3775.0
790.1045,3775.0
790.23236,3842.0
790.3603,3759.0
790.4882,3772.0
790.6161,3835.0
790.744,3819.0
790.87195,3844.0
790.99976,3835.0
791.1277,3809.0
791.2556,3801.0
791.3835,3797.0
791.5114,3783.0
791.6393,3787.0
791.7671,3782.0
791.8951,3768.0
792.0229,3740.0
792.15076,3745.0
792.2787,3789.0
792.4065,3798.0
792.53436,3796.0
792.66223,3711.0
792.7901,3784.0
792.91797,3843.0
793.04584,3790.0
793.17365,3784.0
793.3015,3795.0
793.4294,3804.0
793.5571,3817.0
793.685,3773.0
793.81287,3755.0
793.9407,3829.0
794.0685,3773.0
794.19635,3784.0
794.32416,3809.0
794.45197,3867.0
794.57983,3844.0
794.7076,3755.0
794.83545,3780.0
794.96326,3888.0
795.091,3814.0
795.2189,3861.0
795.3467,3839.0
795.4745,3825.0
795.60223,3805.0
795.73004,3833.0
795.85785,3790.0
795.9856,3815.0
796.1134,3840.0
796.2412,3802.0
796.36896,3841.0
796.49677,3856.0
796.6246,3838.0
796.7523,3792.0
796.8801,3851.0
797.0079,3774.0
797.1356,3829.0
797.2634,3829.0
797.3912,3803.0
797.519,3888.0
797.64667,3848.0
797.7745,3849.0
797.9022,3899.0
798.02997,3859.0
798.1577,3839.0
798.2855,3879.0
798.4132,3883.0
798.54095,3872.0
798.6687,3904.0
798.79645,3883.0
798.9242,3841.0
799.05194,3884.0
799.1796,3862.0
799.3074,3866.0
799.4351,3876.0
799.5628,3821.0
799.69055,3876.0
799.8183,3897.0
799.94604,3890.0
800.0737,3875.0
800.2015,3968.0
800.3292,3942.0
800.45685,3921.0
800.5846,3990.0
800.71234,4016.0
800.84,4003.0
800.9677,4067.0
801.09546,4144.0
801.2231,4184.0
801.3508,4171.0
801.4786,4291.0
801.6062,4328.0
801.7339,4555.0
801.86163,5392.0
801.9893,6865.0
802.117,9176.0
802.2447,12190.0
802.3724,14004.0
802.50006,14264.0
802.62775,14513.0
802.75543,14532.0
802.8831,14699.0
803.0108,14842.0
803.1385,14664.0
803.2661,14634.0
803.3938,14563.0
803.5215,14551.0
803.6491,14609.0
803.7768,14663.0
803.9045,14592.0
804.03217,14400.0
804.1598,14355.0
804.2875,14299.0
804.41516,14369.0
804.5428,14227.0
804.6705,14209.0
804.79816,14279.0
804.9258,14335.0
805.0534,13958.0
805.1811,12951.0
805.3087,11262.0
805.4364,9197.0
805.564,6472.0
805.69165,4916.0
805.81934,4556.0
805.94696,4414.0
806.0746,4329.0
806.2022,4321.0
806.3299,4312.0
806.4576,4326.0
806.58514,4298.0
806.7128,4247.0
806.84045,4336.0
806.9681,4315.0
807.0957,4322.0
807.2233,4311.0
807.35095,4346.0
807.4786,4355.0
807.60626,4490.0
807.7338,4475.0
807.86145,4476.0
807.98914,4550.0
808.1167,4643.0
808.2443,4777.0
808.372,5335.0
808.49963,6105.0
808.6272,7626.0
808.7548,9563.0
808.8825,10792.0
809.0101,11146.0
809.1377,11467.0
809.2653,12012.0
809.3929,13383.0
809.5205,15276.0
809.64813,18863.0
809.77576,22401.0
809.9034,23477.0
810.031,23823.0
810.15857,23844.0
810.2862,23781.0
810.4138,23906.0
810.5414,23831.0
810.669,23871.0
810.79663,23637.0
810.92426,23524.0
811.0518,23442.0
811.17944,23571.0
811.30707,23379.0
811.43463,23435.0
811.56226,23226.0
811.6899,22653.0
811.81744,21805.0
811.94507,20747.0
812.07263,18994.0
812.2002,17884.0
812.3278,17546.0
812.45544,17187.0
812.583,16593.0
812.71063,15196.0
812.83826,13049.0
812.9659,10418.0
813.0934,7162.0
813.221,5451.0
813.34863,5018.0
813.4762,4813.0
813.6038,4636.0
813.7314,4593.0
813.85895,4532.0
813.9866,4437.0
814.1142,4476.0
814.24176,4474.0
814.3693,4404.0
814.49695,4469.0
814.6245,4391.0
814.75214,4475.0
814.8797,4441.0
815.00726,4326.0
815.1349,4417.0
815.2625,4355.0
815.3901,4362.0
815.51764,4393.0
815.64526,4362.0
815.7728,4377.0
815.9004,4373.0
816.028,4394.0
816.15564,4384.0
816.28314,4390.0
1010.93,4356.0
